1
4
18439
8
9
12
13
16398
15
16
16401
18
20
24
18456
16410
18459
30
32
34
36
38
41
43
46
49
51
53
16442
63
64
16458
17519
17520
16473
18522
18579
15664
16545
16572
18633
16604
14579
14583
14588
14590
17147
17554
14597
14601
14605
16653
14607
16660
16679
14648
16710
16716
14669
14679
14684
16732
17573
16745
15540
16757
16773
16786
14745
21656
23285
23286
23287
14764
23288
23289
23290
17592
23291
23292
23293
23294
16849
23295
16853
21667
14809
23296
23297
14816
23298
16870
14823
23299
14826
16875
23300
18928
23301
23302
18939
23303
23304
14852
23305
14859
23306
23307
18963
23308
23309
23310
23311
14887
23312
23313
23314
16950
23315
23316
23317
23318
23319
23320
17622
14934
23321
17623
23322
23323
23324
23325
17627
23326
23327
23328
23329
17631
23330
23331
23332
17041
23333
23334
17050
23335
19104
23336
23337
23209
23211
23338
23339
23340
15658
15609
15060
23256
15077
23274
15660
23284
757
758
759
760
761
762
763
764
765
766
767
768
769
770
771
772
773
774
775
776
777
778
779
780
781
782
783
784
785
786
787
788
789
790
791
792
793
794
795
796
797
798
799
800
801
802
803
804
805
806
807
808
809
810
811
812
813
814
815
816
817
818
819
820
821
822
823
824
825
826
827
828
829
830
831
832
833
834
835
836
837
838
839
840
841
842
843
844
845
846
847
848
849
850
851
852
853
854
855
856
857
858
859
860
861
862
863
864
865
866
867
868
869
870
871
872
873
874
875
876
877
878
879
880
881
882
883
884
885
886
887
888
889
890
891
892
893
894
895
896
897
898
899
900
901
902
903
904
905
906
907
908
909
910
911
912
913
914
915
916
917
918
919
920
921
922
923
924
925
926
927
928
929
930
931
932
933
934
935
936
937
938
939
940
941
942
943
944
945
946
947
948
949
950
951
952
953
954
955
956
957
958
959
960
961
962
963
964
965
966
967
968
969
970
971
972
973
974
975
976
977
978
979
980
981
982
983
984
985
986
987
988
989
990
991
992
993
994
995
996
997
998
999
1000
1001
1002
1003
1004
1005
1006
1007
1008
1009
1010
1011
1012
1013
1014
1015
1016
1017
1018
1019
1020
1021
1022
1023
1024
1025
1026
1027
1028
1029
1031
1032
1033
1034
1035
1036
1037
1038
1039
1040
1041
1042
1043
1044
1045
1046
1047
1048
1049
1050
1051
1052
1053
1054
1055
1056
1057
1058
1059
1060
1061
1062
1063
1064
1065
1066
1067
1068
1069
1070
1071
1072
1073
1074
1075
1076
1077
1078
1079
1080
1081
1082
1083
1084
1085
1086
1087
1088
1089
1090
1091
1092
1093
1094
1095
1096
1097
1098
1099
1100
1101
1102
1103
1104
1105
1106
1107
1108
1109
1110
1111
1112
1113
1114
1115
1116
1117
1118
1119
1120
1121
1122
1123
1124
1125
1126
1127
17507
1129
1130
1131
1132
1133
1134
1135
1136
1137
1138
1139
1140
1141
1142
1143
1144
1145
1146
1147
1148
1149
1150
1151
1152
1153
1154
1155
1156
1157
1158
1159
1160
1161
1162
1163
1164
1165
1166
1167
1168
1169
1170
1171
1172
1173
1174
1175
1176
1177
1178
1179
1180
1181
1182
1183
1184
1185
1186
1187
1188
1189
1190
1191
1192
1193
1194
1195
1196
1197
1198
1199
1200
1201
1202
1203
1204
1205
1206
1207
1208
1209
1210
1211
1212
1213
1214
1215
1216
1217
1218
17599
1220
1221
1222
1223
1224
1225
1226
1227
1228
1229
1230
1231
1232
1233
1234
1235
1236
1237
1238
1239
1240
1241
1242
1243
1244
1245
1246
1247
1248
1249
1250
1251
1252
1253
1254
1255
1256
1257
1258
1259
1260
1261
1262
1263
1264
1266
1267
1268
1269
1270
1271
1272
1273
1274
1275
1276
1277
1278
1279
1280
1281
1282
1283
1284
1285
1286
1287
1288
1289
1290
1291
1292
1293
1294
1295
1296
1297
1298
1299
1300
1301
1302
1303
1304
1305
1306
1307
1308
1309
1310
1311
1312
1313
1314
1315
1316
1317
1318
1319
1320
1321
1322
1323
1324
1325
1326
1327
1328
1329
1330
1331
1332
1333
1334
1335
1336
1337
1338
1339
1340
1341
1342
19767
21789
17749
17751
15710
17766
15736
17793
21898
15757
21920
15778
17863
19916
17872
17876
17877
17878
15832
17884
19937
17897
17901
17903
17920
15900
17977
17979
18011
18019
18029
17324
22135
18040
16005
17429
16011
17430
18066
17431
16027
17433
18084
17435
17436
18093
16048
18098
18102
18108
16061
18112
16066
17440
18118
16073
18133
17444
16092
18145
21517
18164
18171
16127
16136
18184
18186
16151
17458
16161
17459
16165
16179
16181
18267
18278
17476
18299
16255
17478
16299
16301
17487
16305
18353
16307
17488
18355
18356
17489
18361
18363
16327
18377
21563
19535
17500
16368
